22222222222222222222222222222222222222222222222222222222222222222222222222222222222222222222222222222222222222222222222222222222222222222222
22222222222222222222222222222222222222222222222222222222222222222222222222222222222222222222222222222222222222222222222222222222222222222222
22222222222222222222222222222222222222222222222222222222222222222222222222222222222222222222222222222222222222222222222222222222222222222222
22222222222222222222222222222222222222222222222222222222222222222222222222222222222222222222222222222222222222222222222222222222222222222222
22222222222222222222222222222222222222222222222211221111121111222222222222222222222222222222222222221111222222222222222222222222222222222222
22222222222222222222222222222222222222222222222211111111111111112222222222222222222222222222222222221111122222222222222222222222222222222222
22222222222222222222222222222222222222222221111111111111111111111222222222222222222222222222222211221111122222222222222222222222222222222222
22222222222222222222222222222222222222222111111111111111111111111222222222222222222222222222222111222111222222222222222222222222222222222222
22222222222222222222222222222222222222221111111111111111111111112222222222211222222112222222211111112111122222222222222222222222222222222222
22222222222222222222222222222222222211111111111111111111111111111222222222111222211111222222211211111111111222222222222222222222222222222222
22222222222222222222222222222222222111111111211111111111111111111222222222111111111111221111211221111111111112222222222222222222222222222222
22222222222222222222222222222211222111111111111111111111111111111222222222211111111112211111111211111111111112221122221122222222222222222222
22222222222222222222222222222211111112211211111111111111211111111222222111121111111111111111111111111111111111111122221112222222222222222222
22222222222222222222222222211111111111221121111111111111111111111112222111111111111121111111111111111111111111111112221112222222222222222222
22222222222222222222222222211111111111111111111112111111111111111112211111111111111121111111111211111111111111111111221122222222222222222222
22222222222222222222222221111111111112111111111111111111111112112111111121111111111121111111111111111111111111111111111111122222222222222222
22222222222222222222222221111111112111111121111111111111111111111111111111111111111121111111111111122111111111111112111111122222222222222222
22222222222222222222222211111111111111111112111111211111111111111112111111111111111211111111111111111111111111111111111111222222222222222222
22222222222222222222222211111111111112111111111111111111111211111111111111111111111111111111111111111111111111111111111111222222222222222222
22222222222222222211222211111111111111111111111111111111111111111111111111111111111111112111111111112111111111111111111112222222222222222222
22222222222222221111221111111111111111111111111111112112111111111111111111111111111111111111111111111111111211111111111112222222222222222222
22222222222222221111121111111111111111111111111111111111111111111111111111111111111111111111111111111111111111111111111112222222222222222222
22222222222222221111121111111111111111111111111111111111111111111111111111111111111111111111111111111111211111111111111122222222222222222222
22222222222222112111111111111111111111111111111111112111111111111111111111111111121111111111111111111111121111111111111112222222222222222222
22222222222211111111111111211111111111111111111111111111111111111111111111111111111111111111111111111111111111111111121111112222222222222222
22222222211111111111121111111111111111111211111111111111111111111111111111111111211111112111111111111111111111111111111111112112222222222222
22222222211111111111111111111111121111111111111111111111111111111111111111111111111111111111211111111111111111111111111111121111122222222222
22222222111111111111111121111111112111111111111111111111111211111111111111111111111111111111111111111111111111111111121111111111122222222222
22222211111111111111111111111111111111111111111111111111111111111111111111111111111111111111111111111111111111111111111111111111222222222222
22222211111111111111111111111111111111111111111111111111111111121111111111111121111111111111121111112111111111111111111111111111222222222222
22222222111111111111112111111112111111111111121111112111111111111111111111111111111121111111111111111111111111111111111211111111111222222222
22222222111111111111111112111111111111111111111111111111111111111111111111111111111111111111112111111111111111121121121111111111111122222222
22222222111111111111111111111111111111111211112111111111111111111111111121111111111111111211111111112112111111111111211111111111211122222222
22222221111111111111211111111111111111111111111111111111111111111111111111211111111111111111111111111111211111111111111121111211111111122222
22222211111111111121111111111111111111111111111112111111111111111111111111111111112111111111211111111111111111111111111112111111111111122222
22222211111211112111111111111112111111111111111111111111111111111111111111111111111111111111111111111111111211211111111111111111111111222222
22222221111122111111111111111111111111111111111111011110111111111111111111111110111111101111110111111011011111111111111111111111111111222222
22222221111111111111111111111111111111111111111111111111101111111111111111111111111110111111111111111111111111111111111111111111111112222222
22222222111111111111111111111111111111111111111111111111111111110111110111111111011111111111111111111111111111111111111111112111111112222222
22222222221111111111121111111111111111111111111111111111111111111111111111111111111111111110111101111111111111111111111111111111111122222222
22222222222111111111221111111111111111111111111111111111111111111111111111111111111111111111111111011111111111111111111111111111111122222222
22222222222111111111111111111111111111111111111111111111111111111111110111111111111111111111111111111111111111111121111111111111111122222222
22222222111111111111111111111111111111111111111110111111111011111111111111111110111111101111111011111111112111111111111111111211121122222222
22222222111111111121111111111111111111111111111111111111111111111111111111101111111111111111111111111011111111111111111111121111111112222222
22222221111111111111111111111111111111111111110111111111111111111111111111111111111111111111111111101111111111111111111111111111111112211222
22222221111111111111111111111111111101111111111111111111111110110111111111111111111111111111111111111111112112111111111111211111111121111222
22221112211111111111111111111111111111111111111111111111111111111111111111110111111111101111111111111111111111111111112111111111111111111222
22221112211111111111121111111111111111111111111111111101111111111111111111111111111111111111111011111111111111111111111111111111122211122222
22222111111111111111111111111111111101111111111111111111111111111111111111111111111111111101101111111111111111111111111111111211112211111122
22222111111111111111111111111111211111111111101111111111111111111111111111111111111111111111111111011011111111111111111111121111111111111111
22222111111111111111211111111211111111111111111111101111111111011111111111101111111111111111110111111111111121111111111111111111111111111111
22222211211111111111111111111111111111111111111111111111111111111011111111111111111111111111111111111111111111111121111111111111111111111111
22222221111111111111111111111111111111111111111111111111011111111111111111111111111111111111111111111111111111111111111111111111111111111122
22222211111111111111111111111111111111111111111101111111111111011111111111111111111111111111111111101111111111111111111111111111111111111122
22222211111111111111111111111111211111111111111111111111111111111110111111101111111111111111111011111111111211111121111111111111111111222222
22222211211111211211111111111111111111111111111111111111111011111111111111111111101111111111111111111111111111111111111111111111111121122222
22222222111111111111111112111111111111111111111111111111111111111111111011111111111111111111111111101111111111111111111111121111111221112222
22222222111111111111111111111111111111111111101111111111111111111111111011111111111101111111111111111111111111111111111111111111111111112222
22222222221111111111111111111111111111111111111111111111111111111111110001110011111011111111111111111111111111111112112111111111112111122222
22222222221111111111111122111111111111111111111101111111111111111011000000000001111111111111111011111111111111111111111111111111111111122222
22222222221111111111111111111111111111111111111111111111111111111111000000000011111111110111111111111111111112111111111111111111111111122222
22222222211111111111111111111211211111111111111111111111111111111111000000000111101111111111111111111111011111121111211211111111111111222222
22222222211111111111111111111111111111111111111111111111111111111111000000000111001111111111101111111111111111111111111111111111111111122222
22222222221111111111111111111111111111111111111101111111111111111111000000000110011111111111111111111111111111111111111111211211221111122222
22222222222111111111111111111111111111111111111111111111111111111110000000000110011111111111111111111111112111111111111111111111222222222222
22222222221111111111111111111111111111111111111111111101111111111110000000000000001110111111111111111111111111111111111111111122211222222222
22222222221111111111111111111111111111111111111111111111110110111100000000000001111111111111111111111101111111111111121111111111111112222222
22222222221111111111121111111111111111110110111111111111111111111111100000000001111111111111111111111111111111111111111111111111111112222222
22222221111111111111111111111111111111111111111111111111111111111111100000000001111011111111111011111111111111111111111112111111111112222222
22222221111111111111111111111111111111111111111111111111111111011110000000000000000001111110111101111101111111111111111111111111111112222222
22222222112211121111111111111111111111111111111111111111111111111000000000000000000011111111111111111111111111111111211111111111111122222222
22222222222221111111111121111211111111111011111111111111111111111100000000000000001111111111111111111111111111211111111111121111111121122222
22222222222222211111111111111111111111111111111111111111111111111100000000000000011111111110110111111111111111111111111111111111211111122222
22222222222222211111111111111111111111111111011011111111111111111000000000000000011111111111111111111110111111111111111111111111111111112222
22222222222221111111111111111111111111111111111111111011111111111000000000000000001111111111111111111111111111111111111111111111111111112222
22222222222221121111111111111111111111111111111111111111111111111110000000000000001111111111111111111111111111111211111111111111111121122222
22222222222221111111111111211111111111111111111111111111111111111111000000000000000011011111101111011111111111111111111111111111211222222222
22222222221111111111111111111111111111111111111111111111111111111111000000000000000011111111111111111111111111111111111111111111222222222222
22222222221111111111111111111112111111111111111111111111111111111000000000000001100111111111111111111111111111111111111111111111112222222222
22222222221111111111111111112111111111111111111111111011111111100000000000000001111111111111111111111111111111111111111111111111111122222222
22222222221111111111111111111111111111111111111111111011111101100000000000011011111111111111111111111111111111111111111111111111111122222222
22222222222221111121111111111111111111111111111111111111111100000000000111011011111111111111111111111111112111111111111111111111112222222222
22222222222221111111111111111111111111110111111111111111110111100000000111011110111111011111111111111111111111121121111112111111112222222222
22222222221111111111121111111111111111111111111111111111111111111000000011111111111111111111111111111111111111111111111111111121111222222222
22222222211111111111111111111111122111111111111111111111111111111111000011111111111111111111111111111110111111111111111111111111111222222222
22222222211111111111111111111111111111111111111111111110111111011111000111111111111111111111111111111110111112112111211112111111122222222222
22222222211111111111111111111111111111111111111111111111111111011111100111111111111111111111111111001111111111111111111111111111222222222222
22222222211111111111112111111111111111111111111111111111111111011111111111111111111111111111111111111111111111111111111111111111122222222222
22222222221111111111111111111111111111111111111111111110111111111111111111111111111111111111111111111111111111111111111111111111112222222222
22222222221111111111111111111111111111111111111111111111111111111111110111110111111111111111110111111111111111111112211111111111111122222222
22222222221111111111111111111111111111111111111111111111111111111111111111111111111111111011111111111111111111111111111111111211111122222222
22222222222111111111111111121111111101111111111111111011111111111110111111111111111111111111111111111111111111111111111111111111111122222222
22222222222111111111111111111111121111111111111111111111011111111111111101110111111111111111111111011111111111111111111111111111111111222222
22222222222211111111111111111111111111111111111101111111111111111111111111111111111111111111111111111111111111111111111112111111111111222222
22222222222211111111112111111111111111111101111111111111111101111111111111111111111111111111111111111111111112111111111111111111111111222222
22222222222221111111111111111111111111111111111011111111111111101111111011111111011111111111111111110111111111111121111111111121111111222222
22222222222221111111111111111111112111111111111111111111111111111111111111111110111111111111111111111111111111111111111111111111111111111222
22222222222222111121111111111111111111110111111111111111111111110111110111111111111111111111101111111111111211111111121111111111111111111122
22222222222222211111111111111111111111111111111111111011101111111111111111111111110111111111111111111111111111111111111111111111111111111122
22222222222221111111111111111111111111111111111111111111110111111111111111111111111011111111111111111111111111111111111111111111111111122222
22222222222221111111121111121111111111110111111101111111111111111111111110111111111111111111111111111111111111111111111111111121111111222222
22222222222222211112111111111111111111111111011111111101111111111111111111111111111111111111111111111111111111111111111111111111111111222222
22222222221111111111111111111111111111111111101111111111111111111111111111111111111111111111111111111111111111111111111112111111111111222222
22222222221111111111111111111111211111111111111111111011111111111111111111111111111111111111111111111111111111111111111111111111111222222222
22222222221111111111211111111111111111111101111111111111111111111111111101111111111111111111111111111111111111111111111111111111111112222222
22222222221111111111111111111112111111111111111111111111111111111111111111111111111111111111111111111111111111111111111111111111111112222222
22222222221112111111111111111111111111111111211111111111111111111111111111211111111111111111111111111111111111111111111111111111111112222222
22222222221111111111111111111111111111111111111111111111111111111111111111111111111111111111111111111111111111211111111211211111111112222222
22222222222111111111111111111111111111111112111112111111111111111111111111111211111111111111111111111111111111111111111111111111111112222222
22222222211111111111111111111111111111111111111111111111111111111111111111111121111112111111111111111111111111111211111111111111111122222222
22222222211111111111111111121111121111111111111111111121111111111211111111111111111121111111111111111221111111111111121111111111111122222222
22222222222112221111111111111112111111111111111211111111111111111111111111111111111111111111111111111111111111111111111111111111112222222222
22222222222112111111111111111111111111111121111111111111112111111111111111111111121111121111112111111111111111111111111111111121112222222222
22222222222222111111111111111111111111111112111111111111111111111111111111111111111111211111111111111111111111111111111111111111122222222222
22222222222221111111111111111111111111111111111211111111121111111111111111111111111111111111121111111111111111111111111111111111112222222222
22222222222221111111111111111111111111111111111111121111111211111111111111111111121111111111111111111111111111111121111111111111112222222222
22222222222211111112211111111111111111111111111111111111111111111111111111211111111111111111211111111111111111111111111111111111111122222222
22222222222211111111111111111111111111111111211111111111111111111111111111111111111111111111111111111111111111111111211111111111111122222222
22222222222222111111111211111111111111111111111111111111111111111111111111111111111111111111111111111111111111111111111111122222111112222222
22222222222222112211111111111111111111111111111111111111111111111111111111111111111112111111111111111111111111111211111111111122111112222222
22222222222222222211211111111111111111111111111111111111111111111111111111111111111111111111111111111111111111111111111111111122111222222222
22222222222222222222221121111111111111111111111111111111111111111111111111111211111111111111111111111111111111111111111111111122111122222222
22222222222222222222222222211111111111111111111111111112111111112111111111111111111111111111111211111111211112111111111111112222211122222222
22222222222222222222222222221122111111112111112111111111111111111111111111211111111111111111111111111111111111111222222222112222221122222222
22222222222222222222222222211121111111111111111111111111111111111111111111121111111111111111111111111111111111111122222222222222221122222222
22222222222222222222222222211111111111111111111111112111111111111111111111111111111111111111121111111111112112111122222222222222221122222222
22222222222222222222222222221111111111111111111111111111111111111111111111111111111111111111111111111111111122222222222222222222222222222222
22222222222222222222222222221111211111111211121111121111111111111111112111121111111111111111111111111111111122222222222222222222222222222222
22222222222222222222222222222222211111111111111111111111111111111111111211111111111111111111111111111111111222222222222222222222222222222222
22222222222222222222222222222222222111111112111111111111111111111111111111111111111111111111111111111111111122222222222222222222222222222222
22222222222222222222222222222222222221121112221111111111111111111111111111211221121111112112112211111111111122222222222222222222222222222222
22222222222222222222222222222222222211122112222111111111111111111111111112211222211111111111111211111112111122222222222222222222222222222222
22222222222222222222222222222222222211122222222211112111111221111111112112222222211111121111111111111111112222222222222222222222222222222222
22222222222222222222222222222222222222222222222211112111111111111111111112222222222211111111111111111111122222222222222222222222222222222222
22222222222222222222222222222222222222222222222222211111211112211111111111222222222111111111111111111111122222222222222222222222222222222222
22222222222222222222222222222222222222222222222222211111111112211111111111222222222111111112111111111112222222222222222222222222222222222222
22222222222222222222222222222222222222222222222222222111111112221111111112222222222222111111111222111222222222222222222222222222222222222222
22222222222222222222222222222222222222222222222222222111111222221111211112222222222222111121112221112222222222222222222222222222222222222222
22222222222222222222222222222222222222222222222222222112111222222222222222222222222222221122222221112222222222222222222222222222222222222222
22222222222222222222222222222222222222222222222222222222222222222222222222222222222222222222222222112222222222222222222222222222222222222222
